105
109
112
111
114
116
32
123
32
105
110
105
116
105
97
108
105
122
101
65
112
112
32
125
32
102
114
111
109
32
34
102
105
114
101
98
97
115
101
47
97
112
112
34
59
10
105
109
112
111
114
116
32
123
32
103
101
116
65
117
116
104
32
125
32
102
114
111
109
32
34
102
105
114
101
98
97
115
101
47
97
117
116
104
34
59
10
105
109
112
111
114
116
32
123
32
103
101
116
70
105
114
101
115
116
111
114
101
32
125
32
102
114
111
109
32
34
102
105
114
101
98
97
115
101
47
102
105
114
101
115
116
111
114
101
34
59
10
105
109
112
111
114
116
32
123
32
103
101
116
83
116
111
114
97
103
101
32
125
32
102
114
111
109
32
34
102
105
114
101
98
97
115
101
47
115
116
111
114
97
103
101
34
59
10
105
109
112
111
114
116
32
123
32
103
101
116
65
110
97
108
121
116
105
99
115
32
125
32
102
114
111
109
32
34
102
105
114
101
98
97
115
101
47
97
110
97
108
121
116
105
99
115
34
59
10
105
109
112
111
114
116
32
123
32
103
101
116
70
117
110
99
116
105
111
110
115
32
125
32
102
114
111
109
32
34
102
105
114
101
98
97
115
101
47
102
117
110
99
116
105
111
110
115
34
59
10
10
47
47
32
67
111
110
102
105
103
117
114
97
99
105
195
179
110
32
100
101
32
70
105
114
101
98
97
115
101
32
108
101
195
173
100
97
32
100
101
115
100
101
32
108
97
115
32
118
97
114
105
97
98
108
101
115
32
100
101
32
101
110
116
111
114
110
111
32
100
101
32
86
105
116
101
10
99
111
110
115
116
32
102
105
114
101
98
97
115
101
67
111
110
102
105
103
32
61
32
123
10
32
32
97
112
105
75
101
121
58
32
105
109
112
111
114
116
46
109
101
116
97
46
101
110
118
46
86
73
84
69
95
70
73
82
69
66
65
83
69
95
65
80
73
95
75
69
89
44
10
32
32
97
117
116
104
68
111
109
97
105
110
58
32
105
109
112
111
114
116
46
109
101
116
97
46
101
110
118
46
86
73
84
69
95
70
73
82
69
66
65
83
69
95
65
85
84
72
95
68
79
77
65
73
78
44
10
32
32
112
114
111
106
101
99
116
73
100
58
32
105
109
112
111
114
116
46
109
101
116
97
46
101
110
118
46
86
73
84
69
95
70
73
82
69
66
65
83
69
95
80
82
79
74
69
67
84
95
73
68
44
10
32
32
115
116
111
114
97
103
101
66
117
99
107
101
116
58
32
105
109
112
111
114
116
46
109
101
116
97
46
101
110
118
46
86
73
84
69
95
70
73
82
69
66
65
83
69
95
83
84
79
82
65
71
69
95
66
85
67
75
69
84
44
10
32
32
109
101
115
115
97
103
105
110
103
83
101
110
100
101
114
73
100
58
32
105
109
112
111
114
116
46
109
101
116
97
46
101
110
118
46
86
73
84
69
95
70
73
82
69
66
65
83
69
95
77
69
83
83
65
71
73
78
71
95
83
69
78
68
69
82
95
73
68
44
10
32
32
97
112
112
73
100
58
32
105
109
112
111
114
116
46
109
101
116
97
46
101
110
118
46
86
73
84
69
95
70
73
82
69
66
65
83
69
95
65
80
80
95
73
68
44
10
125
59
10
10
47
47
32
73
110
105
99
105
97
108
105
122
97
99
105
195
179
110
32
100
101
32
70
105
114
101
98
97
115
101
10
99
111
110
115
116
32
97
112
112
32
61
32
105
110
105
116
105
97
108
105
122
101
65
112
112
40
102
105
114
101
98
97
115
101
67
111
110
102
105
103
41
59
10
99
111
110
115
116
32
97
117
116
104
32
61
32
103
101
116
65
117
116
104
40
97
112
112
41
59
10
99
111
110
115
116
32
100
98
32
61
32
103
101
116
70
105
114
101
115
116
111
114
101
40
97
112
112
41
59
10
99
111
110
115
116
32
115
116
111
114
97
103
101
32
61
32
103
101
116
83
116
111
114
97
103
101
40
97
112
112
41
59
10
99
111
110
115
116
32
102
117
110
99
116
105
111
110
115
32
61
32
103
101
116
70
117
110
99
116
105
111
110
115
40
97
112
112
41
59
10
99
111
110
115
116
32
97
110
97
108
121
116
105
99
115
32
61
32
116
121
112
101
111
102
32
119
105
110
100
111
119
32
33
61
61
32
39
117
110
100
101
102
105
110
101
100
39
32
63
32
103
101
116
65
110
97
108
121
116
105
99
115
40
97
112
112
41
32
58
32
110
117
108
108
59
10
10
101
120
112
111
114
116
32
123
32
97
117
116
104
44
32
100
98
44
32
115
116
111
114
97
103
101
44
32
102
117
110
99
116
105
111
110
115
44
32
97
110
97
108
121
116
105
99
115
32
125
59
10
